{
  "advancedEditorSelectedIdentifier" : "ProjectBrowser",
  "openSceneRelativePaths" : [
    "Planets.usda",
    "Scene.usda",
    "table1.usda",
    "chair1.usda"
  ],
  "recentIdentifiers" : {
    "2B94B0F6-C39F-48BF-923C-412EACE1CA47" : [

    ],
    "8F1E5011-4E75-4468-8BAC-2F0CA193359C" : [

    ],
    "CE573127-EEF4-4F7B-B9CF-74EA1E1FCD48" : [

    ],
    "D66134B1-3681-4A8E-AFE5-29F257229F3B" : [

    ]
  },
  "sceneCameraHistory" : {
    "2B94B0F6-C39F-48BF-923C-412EACE1CA47" : [
      {
        "date" : 764797689.390826,
        "title" : "Untitled",
        "transform" : [
          0.9794639,
          -5.134913e-09,
          -0.20162001,
          0,
          -0.06035429,
          0.9541444,
          -0.2931993,
          0,
          0.19237462,
          0.29934675,
          0.9345499,
          0,
          0.868826,
          2.6101687,
          2.2664719,
          1
        ]
      },
      {
        "date" : 764797685.208504,
        "title" : "Untitled",
        "transform" : [
          0.97627985,
          -5.2338605e-09,
          -0.21651267,
          0,
          -0.059871715,
          0.9610059,
          -0.26996827,
          0,
          0.20806997,
          0.2765275,
          0.9382109,
          0,
          0.9596207,
          2.6883428,
          2.2732074,
          1
        ]
      },
      {
        "date" : 764797673.831573,
        "title" : "Untitled",
        "transform" : [
          0.99696124,
          -2.373685e-09,
          -0.077899575,
          0,
          -0.024851236,
          0.9477492,
          -0.31804696,
          0,
          0.073829256,
          0.3190164,
          0.9448692,
          0,
          0.4762525,
          1.6608709,
          1.9703393,
          1
        ]
      },
      {
        "date" : 764797670.228475,
        "title" : "Untitled",
        "transform" : [
          0.99696124,
          -2.373685e-09,
          -0.077899575,
          0,
          -0.024851236,
          0.9477492,
          -0.31804696,
          0,
          0.073829256,
          0.3190164,
          0.9448692,
          0,
          0.6550984,
          2.3087404,
          3.3685365,
          1
        ]
      },
      {
        "date" : 764797662.374031,
        "title" : "Untitled",
        "transform" : [
          -0.34420186,
          -3.242043e-08,
          0.93889564,
          0,
          0.6963046,
          0.6708193,
          0.2552673,
          0,
          -0.6298293,
          0.74162084,
          -0.23089723,
          0,
          -3.1387136,
          4.456695,
          -2.472762,
          1
        ]
      },
      {
        "date" : 764797658.279912,
        "title" : "Untitled",
        "transform" : [
          -0.19029933,
          -2.4015231e-05,
          0.98172617,
          0,
          0.574452,
          0.810926,
          0.11137259,
          0,
          -0.7961099,
          0.5851487,
          -0.15430483,
          0,
          -3.25619,
          4.183702,
          -2.9239566,
          1
        ]
      },
      {
        "date" : 764797656.339175,
        "title" : "Untitled",
        "transform" : [
          -0.19029933,
          -2.4015231e-05,
          0.98172617,
          0,
          0.574452,
          0.810926,
          0.11137259,
          0,
          -0.7961099,
          0.5851487,
          -0.15430483,
          0,
          -1.9217818,
          3.2028975,
          -2.6653175,
          1
        ]
      },
      {
        "date" : 764797653.989439,
        "title" : "Untitled",
        "transform" : [
          -0.19029933,
          -2.4015231e-05,
          0.98172617,
          0,
          0.574452,
          0.810926,
          0.11137259,
          0,
          -0.79611003,
          0.58514875,
          -0.15430485,
          0,
          -3.1135924,
          1.9945751,
          -1.0985162,
          1
        ]
      },
      {
        "date" : 764797645.326762,
        "title" : "Untitled",
        "transform" : [
          -0.995266,
          -2.4016932e-05,
          0.09718895,
          0,
          0.077480406,
          0.60349977,
          0.7935899,
          0,
          -0.058672648,
          0.79736316,
          -0.600641,
          0,
          -1.0591009,
          3.7149162,
          -4.183829,
          1
        ]
      },
      {
        "date" : 764797636.179923,
        "title" : "Untitled",
        "transform" : [
          -0.98795533,
          -2.4016745e-05,
          0.15473883,
          0,
          0.12725738,
          0.56878155,
          0.81258416,
          0,
          -0.08803221,
          0.82248855,
          -0.56192786,
          0,
          -11.660838,
          11.633646,
          -7.628218,
          1
        ]
      }
    ],
    "8F1E5011-4E75-4468-8BAC-2F0CA193359C" : [
      {
        "date" : 764797556.417948,
        "title" : "Untitled",
        "transform" : [
          0.9624518,
          -6.279766e-09,
          -0.2714528,
          0,
          -0.09900853,
          0.93111116,
          -0.35104054,
          0,
          0.25275272,
          0.3647357,
          0.8961495,
          0,
          0.89517814,
          2.8583996,
          1.389251,
          1
        ]
      },
      {
        "date" : 764797548.215992,
        "title" : "Untitled",
        "transform" : [
          0.9664177,
          -3.9326264e-06,
          -0.25697657,
          0,
          -0.09252746,
          0.93292314,
          -0.3479844,
          0,
          0.23974073,
          0.36007562,
          0.90159297,
          0,
          0.7932061,
          2.8218822,
          1.4319142,
          1
        ]
      },
      {
        "date" : 764797546.806526,
        "title" : "Untitled",
        "transform" : [
          0.9664177,
          -3.9326264e-06,
          -0.25697657,
          0,
          -0.09252746,
          0.93292314,
          -0.3479844,
          0,
          0.23974073,
          0.36007562,
          0.90159297,
          0,
          0.7932061,
          2.8218822,
          1.4319142,
          1
        ]
      },
      {
        "date" : 764797542.543636,
        "title" : "Untitled",
        "transform" : [
          0.9664177,
          -3.9326264e-06,
          -0.25697657,
          0,
          -0.09252746,
          0.93292314,
          -0.3479844,
          0,
          0.23974073,
          0.36007562,
          0.90159297,
          0,
          1.2363431,
          3.487452,
          3.098411,
          1
        ]
      },
      {
        "date" : 764797509.067006,
        "title" : "Untitled",
        "transform" : [
          0.906312,
          -1.0644794e-08,
          -0.42260936,
          0,
          -0.13959095,
          0.94387347,
          -0.2993615,
          0,
          0.39888978,
          0.3303073,
          0.8554438,
          0,
          1.3338647,
          3.1360528,
          0.97358644,
          1
        ]
      },
      {
        "date" : 764797502.99998,
        "title" : "Untitled",
        "transform" : [
          0.906312,
          -1.0644794e-08,
          -0.42260936,
          0,
          -0.13959095,
          0.94387347,
          -0.2993615,
          0,
          0.39888978,
          0.3303073,
          0.8554438,
          0,
          1.4871019,
          1.8854246,
          1.3850315,
          1
        ]
      },
      {
        "date" : 764797494.016342,
        "title" : "Untitled",
        "transform" : [
          0.776679,
          -1.24300765e-08,
          -0.62989676,
          0,
          -0.34807834,
          0.8334493,
          -0.42918962,
          0,
          0.52498704,
          0.552596,
          0.64732254,
          0,
          1.9491076,
          2.7912903,
          0.45396852,
          1
        ]
      },
      {
        "date" : 764797477.300531,
        "title" : "Untitled",
        "transform" : [
          0.9638814,
          -1.5986645e-08,
          -0.2663316,
          0,
          -0.11796229,
          0.89656353,
          -0.4269177,
          0,
          0.23878329,
          0.44291514,
          0.86418104,
          0,
          0.7979519,
          2.3485222,
          1.3375838,
          1
        ]
      },
      {
        "date" : 764797445.90833,
        "title" : "Untitled",
        "transform" : [
          0.623887,
          -1.2134347e-08,
          0.7815146,
          0,
          0.4230671,
          0.8408022,
          -0.33773655,
          0,
          -0.6570992,
          0.5413425,
          0.5245655,
          0,
          -2.0179083,
          2.1382124,
          -0.82903755,
          1
        ]
      },
      {
        "date" : 764797442.739786,
        "title" : "Untitled",
        "transform" : [
          0.88305235,
          -2.3728235e-08,
          0.46927452,
          0,
          0.06088054,
          0.99154896,
          -0.11456125,
          0,
          -0.46530867,
          0.12973326,
          0.8755896,
          0,
          -1.6199539,
          0.897027,
          0.4467764,
          1
        ]
      }
    ],
    "AF09ED6F-1707-48FD-8720-65B998362C09" : [
      {
        "date" : 762905765.234164,
        "title" : "Untitled",
        "transform" : [
          1,
          0,
          0,
          0,
          0,
          0.7071069,
          -0.70710677,
          0,
          0,
          0.70710677,
          0.7071069,
          0,
          -0.04369026,
          2.439715,
          2.177573,
          1
        ]
      },
      {
        "date" : 762905762.884688,
        "title" : "Untitled",
        "transform" : [
          1,
          0,
          0,
          0,
          0,
          0.7071069,
          -0.70710677,
          0,
          0,
          0.70710677,
          0.7071069,
          0,
          0.08267461,
          2.6999483,
          3.1959956,
          1
        ]
      }
    ],
    "C912EEDA-1E0A-41EB-ACD0-D782FD00904B" : [
      {
        "date" : 762966158.376507,
        "title" : "Untitled",
        "transform" : [
          0.9993279,
          -1.1716553e-10,
          -0.036657732,
          0,
          -0.0143722,
          0.91993773,
          -0.3918011,
          0,
          0.033722833,
          0.39206457,
          0.9193195,
          0,
          0.049795687,
          2.4905198,
          -0.7424718,
          1
        ]
      },
      {
        "date" : 762966156.02716,
        "title" : "Untitled",
        "transform" : [
          0.7887297,
          -7.717347e-09,
          -0.61473984,
          0,
          -0.60808414,
          0.14675356,
          -0.7801904,
          0,
          0.09021525,
          0.98917305,
          0.11574889,
          0,
          0.25033778,
          3.3136346,
          -1.5134791,
          1
        ]
      },
      {
        "date" : 762930109.641311,
        "title" : "Untitled",
        "transform" : [
          0.99996144,
          1.5135257e-10,
          0.008782768,
          0,
          0.0010878877,
          0.99229896,
          -0.1238614,
          0,
          -0.008715131,
          0.123866186,
          0.9922607,
          0,
          -0.007637799,
          2.1304255,
          -0.6771381,
          1
        ]
      },
      {
        "date" : 762930096.11378,
        "title" : "Untitled",
        "transform" : [
          0.99996144,
          6.077233e-11,
          0.008782768,
          0,
          0.0010878963,
          0.99229896,
          -0.1238614,
          0,
          -0.00871515,
          0.12386621,
          0.9922607,
          0,
          -0.25636607,
          2.1187575,
          1.8567553,
          1
        ]
      },
      {
        "date" : 762930086.901147,
        "title" : "Untitled",
        "transform" : [
          0.99874645,
          8.572884e-11,
          -0.050056092,
          0,
          -0.01410982,
          0.9594496,
          -0.28152698,
          0,
          0.04802628,
          0.28188038,
          0.9582468,
          0,
          -0.03165394,
          2.738677,
          1.8252392,
          1
        ]
      },
      {
        "date" : 762930059.525415,
        "title" : "Untitled",
        "transform" : [
          0.99970526,
          -5.3333338e-11,
          -0.02427864,
          0,
          -0.0059375316,
          0.9696346,
          -0.24448617,
          0,
          0.023541393,
          0.24455827,
          0.96934885,
          0,
          -0.1295172,
          2.5913804,
          1.835979,
          1
        ]
      },
      {
        "date" : 762930046.711392,
        "title" : "Untitled",
        "transform" : [
          0.96744305,
          -1.5626253e-10,
          -0.2530888,
          0,
          -0.08308545,
          0.94457847,
          -0.3175978,
          0,
          0.2390622,
          0.3282858,
          0.91382587,
          0,
          0.7509861,
          2.9226186,
          1.8139925,
          1
        ]
      },
      {
        "date" : 762930022.144458,
        "title" : "Untitled",
        "transform" : [
          0.99999976,
          -6.304764e-12,
          0.0007165552,
          0,
          0.00022607793,
          0.94892335,
          -0.31550655,
          0,
          -0.000679956,
          0.31550664,
          0.9489231,
          0,
          -0.0028101802,
          2.8824573,
          1.9215369,
          1
        ]
      },
      {
        "date" : 762930019.568238,
        "title" : "Untitled",
        "transform" : [
          0.9998601,
          -8.677581e-10,
          -0.016726373,
          0,
          -0.00640556,
          0.9237642,
          -0.38290814,
          0,
          0.0154512245,
          0.38296172,
          0.923635,
          0,
          0.50777495,
          2.1345413,
          -1.4887114,
          1
        ]
      },
      {
        "date" : 762929999.353506,
        "title" : "Untitled",
        "transform" : [
          0.9998601,
          -8.677581e-10,
          -0.016726373,
          0,
          -0.00640556,
          0.9237642,
          -0.38290814,
          0,
          0.0154512245,
          0.38296172,
          0.923635,
          0,
          0.5077752,
          2.1345415,
          0.51128864,
          1
        ]
      }
    ],
    "CE573127-EEF4-4F7B-B9CF-74EA1E1FCD48" : [
      {
        "date" : 763483818.830307,
        "title" : "Untitled",
        "transform" : [
          0.9994574,
          1.73783e-08,
          -0.032935053,
          0,
          -0.020968227,
          0.7711501,
          -0.63630795,
          0,
          0.02539786,
          0.6366533,
          0.77073175,
          0,
          0.091523066,
          2.9151046,
          1.9978497,
          1
        ]
      },
      {
        "date" : 763482916.573465,
        "title" : "Untitled",
        "transform" : [
          0.99945754,
          -6.840635e-10,
          -0.03293508,
          0,
          -0.020968182,
          0.77115005,
          -0.636308,
          0,
          0.02539786,
          0.6366533,
          0.77073175,
          0,
          0.091523066,
          2.9151046,
          1.9978497,
          1
        ]
      },
      {
        "date" : 763482899.356861,
        "title" : "Untitled",
        "transform" : [
          0.99945754,
          -6.840635e-10,
          -0.03293508,
          0,
          -0.020968182,
          0.77115005,
          -0.636308,
          0,
          0.02539786,
          0.6366533,
          0.77073175,
          0,
          0.09585676,
          3.0237386,
          2.1293623,
          1
        ]
      },
      {
        "date" : 763482866.689695,
        "title" : "Untitled",
        "transform" : [
          -0.118622445,
          -2.0171358e-09,
          -0.99293935,
          0,
          -0.67208093,
          0.7361119,
          0.08029078,
          0,
          0.73091453,
          0.6768599,
          -0.087319456,
          0,
          5.481987,
          8.807028,
          -0.7275933,
          1
        ]
      },
      {
        "date" : 763482862.354306,
        "title" : "Untitled",
        "transform" : [
          0.9993443,
          -5.9288624e-10,
          -0.036208857,
          0,
          -0.0142934825,
          0.9187882,
          -0.39449218,
          0,
          0.03326827,
          0.39475095,
          0.9181857,
          0,
          0.3666857,
          6.477617,
          8.127198,
          1
        ]
      },
      {
        "date" : 762979022.691522,
        "title" : "Untitled",
        "transform" : [
          0.9993443,
          -5.9288624e-10,
          -0.036208857,
          0,
          -0.0142934825,
          0.9187882,
          -0.39449218,
          0,
          0.03326827,
          0.39475095,
          0.9181857,
          0,
          0.39864054,
          7.042109,
          8.8354435,
          1
        ]
      },
      {
        "date" : 762979017.881913,
        "title" : "Untitled",
        "transform" : [
          0.9997672,
          -7.1103184e-10,
          -0.021576876,
          0,
          -0.0063053947,
          0.95634836,
          -0.29216126,
          0,
          0.020635009,
          0.29222926,
          0.95612574,
          0,
          0.2645686,
          5.5451813,
          7.229919,
          1
        ]
      },
      {
        "date" : 762978808.231137,
        "title" : "Untitled",
        "transform" : [
          1,
          0,
          0,
          0,
          0,
          0.7071069,
          -0.70710677,
          0,
          0,
          0.70710677,
          0.7071069,
          0,
          0.07099785,
          3.4047303,
          2.9689019,
          1
        ]
      }
    ],
    "D66134B1-3681-4A8E-AFE5-29F257229F3B" : [
      {
        "date" : 764185709.995882,
        "title" : "Untitled",
        "transform" : [
          0.9992383,
          4.685896e-10,
          0.039022066,
          0,
          0.019592172,
          0.8648215,
          -0.5016969,
          0,
          -0.03374713,
          0.50207937,
          0.8641629,
          0,
          -0.024031145,
          0.30918008,
          0.61991745,
          1
        ]
      },
      {
        "date" : 764185704.843705,
        "title" : "Untitled",
        "transform" : [
          0.99999195,
          2.3575897e-10,
          0.003997791,
          0,
          0.002007208,
          0.8648215,
          -0.50207525,
          0,
          -0.0034573765,
          0.50207937,
          0.8648147,
          0,
          -0.00093341985,
          0.12533669,
          0.25149167,
          1
        ]
      },
      {
        "date" : 764185701.632241,
        "title" : "Untitled",
        "transform" : [
          0.999992,
          0,
          0.0039977916,
          0,
          0.0020072085,
          0.86482155,
          -0.5020753,
          0,
          -0.0034573763,
          0.5020793,
          0.86481464,
          0,
          0.23881592,
          0.36757874,
          0.6203615,
          1
        ]
      },
      {
        "date" : 764185685.916106,
        "title" : "Untitled",
        "transform" : [
          0.999992,
          0,
          0.0039977916,
          0,
          0.0020072085,
          0.86482155,
          -0.5020753,
          0,
          -0.0034573763,
          0.5020793,
          0.86481464,
          0,
          -0.002492384,
          0.36062276,
          0.6234352,
          1
        ]
      },
      {
        "date" : 764185679.978673,
        "title" : "Untitled",
        "transform" : [
          1,
          0,
          -0,
          0,
          -0,
          0.86482155,
          -0.5020793,
          0,
          0,
          0.5020793,
          0.86482155,
          0,
          1.7094992e-11,
          0.21088888,
          0.36458212,
          1
        ]
      },
      {
        "date" : 764185675.546621,
        "title" : "Untitled",
        "transform" : [
          1,
          0,
          -0,
          0,
          -0,
          0.7071069,
          -0.7071067,
          0,
          0,
          0.7071067,
          0.7071069,
          0,
          -1.1920929e-07,
          0.10242689,
          0.102427006,
          1
        ]
      }
    ]
  },
  "sceneViewportBackgroundColors" : {

  },
  "selectedSceneRelativePath" : "chair1.usda"
}