{
  "advancedEditorSelectedIdentifier" : "ProjectBrowser",
  "openSceneRelativePaths" : [
    "Immersive.usda",
    "Planets.usda",
    "Welcome.usda"
  ],
  "recentIdentifiers" : {
    "CE573127-EEF4-4F7B-B9CF-74EA1E1FCD48" : [

    ]
  },
  "sceneCameraHistory" : {
    "AF09ED6F-1707-48FD-8720-65B998362C09" : [
      {
        "date" : 762905765.234164,
        "title" : "Untitled",
        "transform" : [
          1,
          0,
          0,
          0,
          0,
          0.7071069,
          -0.70710677,
          0,
          0,
          0.70710677,
          0.7071069,
          0,
          -0.04369026,
          2.439715,
          2.177573,
          1
        ]
      },
      {
        "date" : 762905762.884688,
        "title" : "Untitled",
        "transform" : [
          1,
          0,
          0,
          0,
          0,
          0.7071069,
          -0.70710677,
          0,
          0,
          0.70710677,
          0.7071069,
          0,
          0.08267461,
          2.6999483,
          3.1959956,
          1
        ]
      }
    ],
    "C912EEDA-1E0A-41EB-ACD0-D782FD00904B" : [
      {
        "date" : 762966158.376507,
        "title" : "Untitled",
        "transform" : [
          0.9993279,
          -1.1716553e-10,
          -0.036657732,
          0,
          -0.0143722,
          0.91993773,
          -0.3918011,
          0,
          0.033722833,
          0.39206457,
          0.9193195,
          0,
          0.049795687,
          2.4905198,
          -0.7424718,
          1
        ]
      },
      {
        "date" : 762966156.02716,
        "title" : "Untitled",
        "transform" : [
          0.7887297,
          -7.717347e-09,
          -0.61473984,
          0,
          -0.60808414,
          0.14675356,
          -0.7801904,
          0,
          0.09021525,
          0.98917305,
          0.11574889,
          0,
          0.25033778,
          3.3136346,
          -1.5134791,
          1
        ]
      },
      {
        "date" : 762930109.641311,
        "title" : "Untitled",
        "transform" : [
          0.99996144,
          1.5135257e-10,
          0.008782768,
          0,
          0.0010878877,
          0.99229896,
          -0.1238614,
          0,
          -0.008715131,
          0.123866186,
          0.9922607,
          0,
          -0.007637799,
          2.1304255,
          -0.6771381,
          1
        ]
      },
      {
        "date" : 762930096.11378,
        "title" : "Untitled",
        "transform" : [
          0.99996144,
          6.077233e-11,
          0.008782768,
          0,
          0.0010878963,
          0.99229896,
          -0.1238614,
          0,
          -0.00871515,
          0.12386621,
          0.9922607,
          0,
          -0.25636607,
          2.1187575,
          1.8567553,
          1
        ]
      },
      {
        "date" : 762930086.901147,
        "title" : "Untitled",
        "transform" : [
          0.99874645,
          8.572884e-11,
          -0.050056092,
          0,
          -0.01410982,
          0.9594496,
          -0.28152698,
          0,
          0.04802628,
          0.28188038,
          0.9582468,
          0,
          -0.03165394,
          2.738677,
          1.8252392,
          1
        ]
      },
      {
        "date" : 762930059.525415,
        "title" : "Untitled",
        "transform" : [
          0.99970526,
          -5.3333338e-11,
          -0.02427864,
          0,
          -0.0059375316,
          0.9696346,
          -0.24448617,
          0,
          0.023541393,
          0.24455827,
          0.96934885,
          0,
          -0.1295172,
          2.5913804,
          1.835979,
          1
        ]
      },
      {
        "date" : 762930046.711392,
        "title" : "Untitled",
        "transform" : [
          0.96744305,
          -1.5626253e-10,
          -0.2530888,
          0,
          -0.08308545,
          0.94457847,
          -0.3175978,
          0,
          0.2390622,
          0.3282858,
          0.91382587,
          0,
          0.7509861,
          2.9226186,
          1.8139925,
          1
        ]
      },
      {
        "date" : 762930022.144458,
        "title" : "Untitled",
        "transform" : [
          0.99999976,
          -6.304764e-12,
          0.0007165552,
          0,
          0.00022607793,
          0.94892335,
          -0.31550655,
          0,
          -0.000679956,
          0.31550664,
          0.9489231,
          0,
          -0.0028101802,
          2.8824573,
          1.9215369,
          1
        ]
      },
      {
        "date" : 762930019.568238,
        "title" : "Untitled",
        "transform" : [
          0.9998601,
          -8.677581e-10,
          -0.016726373,
          0,
          -0.00640556,
          0.9237642,
          -0.38290814,
          0,
          0.0154512245,
          0.38296172,
          0.923635,
          0,
          0.50777495,
          2.1345413,
          -1.4887114,
          1
        ]
      },
      {
        "date" : 762929999.353506,
        "title" : "Untitled",
        "transform" : [
          0.9998601,
          -8.677581e-10,
          -0.016726373,
          0,
          -0.00640556,
          0.9237642,
          -0.38290814,
          0,
          0.0154512245,
          0.38296172,
          0.923635,
          0,
          0.5077752,
          2.1345415,
          0.51128864,
          1
        ]
      }
    ],
    "CE573127-EEF4-4F7B-B9CF-74EA1E1FCD48" : [
      {
        "date" : 762979022.691522,
        "title" : "Untitled",
        "transform" : [
          0.9993443,
          -5.9288624e-10,
          -0.036208857,
          0,
          -0.0142934825,
          0.9187882,
          -0.39449218,
          0,
          0.03326827,
          0.39475095,
          0.9181857,
          0,
          0.39864054,
          7.042109,
          8.8354435,
          1
        ]
      },
      {
        "date" : 762979017.881913,
        "title" : "Untitled",
        "transform" : [
          0.9997672,
          -7.1103184e-10,
          -0.021576876,
          0,
          -0.0063053947,
          0.95634836,
          -0.29216126,
          0,
          0.020635009,
          0.29222926,
          0.95612574,
          0,
          0.2645686,
          5.5451813,
          7.229919,
          1
        ]
      },
      {
        "date" : 762978808.231137,
        "title" : "Untitled",
        "transform" : [
          1,
          0,
          0,
          0,
          0,
          0.7071069,
          -0.70710677,
          0,
          0,
          0.70710677,
          0.7071069,
          0,
          0.07099785,
          3.4047303,
          2.9689019,
          1
        ]
      }
    ]
  },
  "sceneViewportBackgroundColors" : {

  },
  "selectedSceneRelativePath" : "Planets.usda"
}